-1 -1 -1 -1 
-1 -1 -1 -1 
-1 -1 -1 -1 
-1 -1 -1 -1 

-1 -1 -1 -1 
-1 -1 -1 -1 
-1 -1 -1 -1 
-1 -1 -1 -1 

1 -1 -1 -1 
-1 -1 -1 -1 
-1 -1 -1 -1 
-1 -1 -1 -1 

1 2 -1 -1 
-1 -1 -1 -1 
-1 -1 -1 -1 
-1 -1 -1 -1 

1 2 3 -1 
-1 -1 -1 -1 
-1 -1 -1 -1 
-1 -1 -1 -1 

1 2 3 4 
-1 -1 -1 -1 
-1 -1 -1 -1 
-1 -1 -1 -1 

1 2 3 4 
-1 -1 -1 -1 
-1 -1 -1 -1 
-1 -1 -1 -1 

1 2 3 4 
-1 -1 -1 5 
-1 -1 -1 -1 
-1 -1 -1 -1 

1 2 3 4 
-1 -1 -1 5 
-1 -1 -1 6 
-1 -1 -1 -1 

1 2 3 4 
-1 -1 -1 5 
-1 -1 -1 6 
-1 -1 -1 7 

1 2 3 4 
-1 -1 -1 5 
-1 -1 -1 6 
-1 -1 -1 7 

1 2 3 4 
-1 -1 -1 5 
-1 -1 -1 6 
-1 -1 8 7 

1 2 3 4 
-1 -1 -1 5 
-1 -1 -1 6 
-1 9 8 7 

1 2 3 4 
-1 -1 -1 5 
-1 -1 -1 6 
10 9 8 7 

1 2 3 4 
-1 -1 -1 5 
-1 -1 -1 6 
10 9 8 7 

1 2 3 4 
-1 -1 -1 5 
11 -1 -1 6 
10 9 8 7 

1 2 3 4 
12 -1 -1 5 
11 -1 -1 6 
10 9 8 7 

1 2 3 4 
12 -1 -1 5 
11 -1 -1 6 
10 9 8 7 

1 2 3 4 
12 13 -1 5 
11 -1 -1 6 
10 9 8 7 

1 2 3 4 
12 13 14 5 
11 -1 -1 6 
10 9 8 7 

1 2 3 4 
12 13 14 5 
11 -1 -1 6 
10 9 8 7 

1 2 3 4 
12 13 14 5 
11 -1 15 6 
10 9 8 7 

1 2 3 4 
12 13 14 5 
11 -1 15 6 
10 9 8 7 

